[1, 262144, 0.3350094, 39.8671121783],
[1, 524288, 0.6600314, 39.8671121783],
[1, 1048576, 1.3198732, 39.8671121783],
[1, 2097152, 2.6381408, 39.8671121783],
[1, 4194304, 5.278476599999999, 39.8671121783],
[1, 8388608, 10.741923799999999, 39.8671121783],
[1, 16777216, 21.2240908, 39.8671121783],
[1, 33554432, 42.7803028, 39.8671121783],
[1, 67108864, 85.72040179999999, 39.8671121783],
[1, 134217728, 170.39426220000001, 39.8671121783],
[2, 262144, 0.19448439999999997, 39.8671121783],
[2, 524288, 0.38544619999999996, 39.8671121783],
[2, 1048576, 0.7545147999999999, 39.8671121783],
[2, 2097152, 1.42439, 39.8671121783],
[2, 4194304, 2.79601, 39.8671121783],
[2, 8388608, 5.813508200000001, 39.8671121783],
[2, 16777216, 11.2616028, 39.8671121783],
[2, 33554432, 22.736911, 39.8671121783],
[2, 67108864, 45.053066199999996, 39.8671121783],
[2, 134217728, 90.5114778, 39.8671121783],
[4, 262144, 0.0960666, 39.8671121783],
[4, 524288, 0.1845612, 39.8671121783],
[4, 1048576, 0.36071620000000004, 39.8671121783],
[4, 2097152, 0.7365636, 39.8671121783],
[4, 4194304, 1.4538011999999998, 39.8671121783],
[4, 8388608, 2.9009224, 39.8671121783],
[4, 16777216, 5.8205534, 39.8671121783],
[4, 33554432, 11.7036046, 39.8671121783],
[4, 67108864, 23.845679, 39.8671121783],
[4, 134217728, 47.99152360000001, 39.8671121783],
[8, 262144, 0.07415559999999999, 39.8671121783],
[8, 524288, 0.1310542, 39.8671121783],
[8, 1048576, 0.23079580000000002, 39.8671121783],
[8, 2097152, 0.4337302, 39.8671121783],
[8, 4194304, 0.8470644, 39.8671121783],
[8, 8388608, 1.8248626000000001, 39.8671121783],
[8, 16777216, 3.5663450000000005, 39.8671121783],
[8, 33554432, 6.7040396, 39.8671121783],
[8, 67108864, 13.108893, 39.8671121783],
[8, 134217728, 25.8151238, 39.8671121783],
[16, 262144, 0.043676799999999995, 39.8671121783],
[16, 524288, 0.0828824, 39.8671121783],
[16, 1048576, 0.1613394, 39.8671121783],
[16, 2097152, 0.2378782, 39.8671121783],
[16, 4194304, 0.43124140000000005, 39.8671121783],
[16, 8388608, 0.844087, 39.8671121783],
[16, 16777216, 1.6711451999999998, 39.8671121783],
[16, 33554432, 3.237106, 39.8671121783],
[16, 67108864, 6.5332306, 39.8671121783],
[16, 134217728, 13.026238000000001, 39.8671121783],
[32, 262144, 0.0262032, 39.8671121783],
[32, 524288, 0.0460912, 39.8671121783],
[32, 1048576, 0.0919072, 39.8671121783],
[32, 2097152, 0.12987700000000002, 39.8671121783],
[32, 4194304, 0.2225578, 39.8671121783],
[32, 8388608, 0.41436019999999996, 39.8671121783],
[32, 16777216, 0.8103366, 39.8671121783],
[32, 33554432, 1.6221142, 39.8671121783],
[32, 67108864, 3.2045988000000003, 39.8671121783],
[32, 134217728, 6.164592000000001, 39.8671121783],
[64, 262144, 0.017569599999999998, 39.8671121783],
[64, 524288, 0.031667999999999995, 39.8671121783],
[64, 1048576, 0.0632518, 39.8671121783],
[64, 2097152, 0.12231880000000002, 39.8671121783],
[64, 4194304, 0.159882, 39.8671121783],
[64, 8388608, 0.24311100000000002, 39.8671121783],
[64, 16777216, 0.46403439999999996, 39.8671121783],
[64, 33554432, 0.9281986, 39.8671121783],
[64, 67108864, 1.8001829999999999, 39.8671121783],
[64, 134217728, 3.916493, 39.8671121783],
